version = 'MMult_1x4_6';
MY_MMult = [
40 inf 0
80 0.001024 0
120 0.0006912 0
160 0.000585143 0
200 0.000592593 0
240 0.000576 0
280 0.000577684 0
320 0.000569878 0
360 0.000568976 0
400 0.000568889 0
440 0.000577519 0
480 0.000567138 0
520 0.000566968 0
560 0.000567418 0
600 0.0005625 0
640 0.000563145 0
680 0.000560485 0
720 0.000560012 0
760 0.000557784 0
800 0.000563566 0
840 0.000546271 0
880 0.000558584 0
920 0.000551284 0
960 0.000553999 0
1000 0.000544959 0
];