version = 'MMult_1x4_5';
MY_MMult = [
40 inf 0
80 0.001024 0
120 0.0006912 0
160 0.000585143 0
200 0.000592593 0
240 0.000576 0
280 0.000577684 0
320 0.000574877 0
360 0.000572466 0
400 0.000571429 0
440 0.000571705 0
480 0.000568596 0
520 0.000566968 0
560 0.000567418 0
600 0.000564706 0
640 0.000553046 0
680 0.00055701 0
720 0.000558754 0
760 0.000537961 0
800 0.000560482 0
840 0.000548039 0
880 0.000557898 0
920 0.000555016 0
960 0.00055452 0
1000 0.000545852 0
];