version = 'MMult_1x4_3';
MY_MMult = [
40 inf 0
80 0.001024 0
120 0.0006912 0
160 0.000585143 0
200 0.000592593 0
240 0.000576 0
280 0.000577684 0
320 0.000574877 0
360 0.000568976 0
400 0.000568889 0
440 0.000567893 0
480 0.000570062 0
];