version = 'MMult0';
MY_MMult = [
40 inf 0
80 0.001024 0
120 0.0006912 0
160 0.000630154 0
200 0.000592593 0
240 0.000601043 0
280 0.000585387 0
320 0.000585143 0
360 0.0005832 0
400 0.000587156 0
440 0.000587476 0
480 0.000586695 0
];