version = 'MMult2';
MY_MMult = [
40 inf 0
80 0.001024 0
120 0.0006912 0
160 0.000630154 0
200 0.000615385 0
240 0.0006144 0
280 0.000601425 0
320 0.000595782 0
360 0.000594344 0
400 0.000587156 0
440 0.000591556 0
480 0.000591401 0
];