version = 'MMult_1x4_10';
MY_MMult = [
40 inf 0
80 inf 0
120 inf 0
160 0.008192 0
200 0.00533333 0
240 0.0055296 0
280 0.00487822 0
320 0.00436907 0
360 0.00491116 0
400 0.00457143 0
440 0.00473244 0
480 0.004608 0
];