version = 'MMult_1x4_9';
MY_MMult = [
40 inf 0
80 inf 0
120 0.003456 0
160 0.004096 0
200 0.004 0
240 0.003456 0
280 0.00337723 0
320 0.00297891 0
360 0.002916 0
400 0.00304762 0
440 0.00293738 0
480 0.0027648 0
];